2 0.23900789177001125 0.9028560691469372 0.18489289740698986 0.19428786170612555
2 0.7728297632468997 0.9459476387323061 0.21533258173618933 0.10810472253538776
2 0.6905298759864712 0.5782287360641363 0.1183765501691093 0.1463109106852061
2 0.5022547914317925 0.5882500313165476 0.12288613303269443 0.1583364649880997
2 0.4323562570462232 0.38682199674307904 0.08906426155580612 0.11223850682700742
2 0.5180383314543404 0.28159839659275965 0.06426155580608786 0.0821746210697733
2 0.6262683201803833 0.3467368157334335 0.06877113866967306 0.10422147062507829
2 0.6330326944757609 0.21545784792684458 0.05749718151071022 0.06614054866591505
2 0.5439684329199549 0.1743705373919579 0.034949267192784676 0.06012777151446825
2 0.6003382187147689 0.13528748590755357 0.0326944757609921 0.046097958161092335
4 0.47632468996617816 0.13729174495803584 0.05524239007891772 0.08618313917073779
2 0.5377677564825253 0.09420017537266691 0.024802705749718115 0.040085181009645504
2 0.5693348365276212 0.07415758486784417 0.03156708004509575 0.048102217211574594
