2 0.8825995807127882 0.6016771488469602 0.16352201257861637 0.1719077568134172
2 0.7910552061495457 0.460167714884696 0.10062893081761004 0.07756813417190771
2 0.8336827393431168 0.42033542976939203 0.06568832983927336 0.07756813417190778
3 0.3892382948986723 0.43291404612159323 0.032145352900069854 0.06918238993710694
2 0.33542976939203356 0.5964360587002097 0.2012578616352201 0.19496855345911945
2 0.12578616352201258 0.5146750524109014 0.13417190775681342 0.1278825995807128
2 0.0747728860936408 0.41090146750524115 0.10202655485674354 0.08805031446540873
2 0.19217330538085256 0.4245283018867924 0.09923130677847664 0.06918238993710694
2 0.20754716981132076 0.35534591194968557 0.06848357791754023 0.06918238993710694
3 0.11246643109990215 0.33753331956925386 0.025446045318770524 0.05439092186887209
2 0.34116276340235246 0.41482568222501937 0.07188507802552685 0.06202473546450321
0 0.1519078013439965 0.3399188863178886 0.025446045318770524 0.053436695169418194
2 0.2931333528631731 0.38285908779331385 0.05089209063754112 0.05725360196723372
2 0.35070503039689144 0.37188548074959416 0.06425126442989562 0.04294020147542525
2 0.4257708640872646 0.3919242414381259 0.05152824177051038 0.06202473546450328
2 0.5126054937375691 0.39097001473867193 0.06107050876504935 0.058207828666687576
2 0.4645760831983898 0.38667599459112945 0.03753291684518658 0.0667958689617727
2 0.40445980113279434 0.3475526999135197 0.05470899743535675 0.04389442817487918
2 0.47539065245886725 0.3427815664162503 0.04898363723863326 0.038169067978155835
2 0.5227839118650773 0.33467063947089215 0.04198597477597147 0.033397934480886314
2 0.2715042143422181 0.3403959996676155 0.015267627191262356 0.04484865487433307
2 0.2924972017302038 0.32989950597362266 0.025446045318770486 0.03912329467760976
3 0.7506676129316427 0.34197076003531035 0.013717478469426964 0.03590751716997026
2 0.5785459188033587 0.38368122109027747 0.05379403321343844 0.04438007740108674
2 0.8144711787537247 0.32835021549931215 0.020749127096612058 0.02132549173818454
1 0.7955548256112728 0.3010618438553781 0.04353962370157603 0.026562419683610797
2 0.8332458431439805 0.3234815008360405 0.01754581850660543 0.020713813514742333
4 0.8250415483793176 0.30605752829128663 0.018033202354011024 0.025831343912502226
