4 0.4534313725490196 0.4862132352941177 0.32107843137254904 0.3841911764705882
1 0.2800245098039216 0.27205882352941174 0.10661764705882348 0.15808823529411764
3 0.9203431372549019 0.32352941176470584 0.0392156862745098 0.08455882352941174
2 0.08026960784313726 0.3419117647058824 0.11151960784313725 0.12500000000000003
2 0.061274509803921566 0.5976102913127226 0.12254901960784313 0.22830881791956287
2 0.1452205882352941 0.8998161764705883 0.2855392156862745 0.20036764705882348
2 0.9080882352941176 0.484375 0.14460784313725483 0.1452205882352942
2 0.9613970588235294 0.5882352941176471 0.07720588235294117 0.20588235294117638
2 0.7910539215686275 0.3455882352941177 0.09436274509803923 0.09191176470588239
2 0.8278186274509803 0.3897058823529412 0.1090686274509804 0.12867647058823528
2 0.5873775461654815 0.23571772233099111 0.03987486169146202 0.03794543289993975
2 0.6960687014212411 0.26369443980806534 0.04201867145982021 0.03987486169146202
2 0.9730949537716934 0.3245836557335809 0.020948408656293507 0.053982984259011706
2 0.8392204315754875 0.20905921637561842 0.015441066321386216 0.017049510729863895
2 0.8637760162115811 0.21163272742918282 0.019086873647269017 0.01897964402003719
2 0.5364250184645617 0.28687119551601925 0.05359248341450162 0.04957304715841396
2 0.5069491525865859 0.23729814835760535 0.04108757061778448 0.04421379881696378
2 0.5140948170418528 0.2661041081929 0.05537889952831826 0.04019436256087612
