2 0.7480270574971815 0.8377802831015909 0.3348365276211949 0.3206814480771638
2 0.8038331454340474 0.5972691970437178 0.3291995490417136 0.37680070149066763
2 0.7480270574971815 0.3437304271577102 0.2311161217587373 0.3347112614305399
2 0.6792559188275084 0.17637479644244017 0.18827508455467878 0.26857071276462485
2 0.35963923337091314 0.10121508204935488 0.2029312288613303 0.17837905549292243
2 0.21082299887260425 0.7125140924464488 0.30665163472378804 0.41087310534886634
2 0.18602029312288615 0.43492421395465364 0.2570462232243517 0.30464737567330574
2 0.3173618940248027 0.26255793561317803 0.1792559188275084 0.23249404985594385
2 0.4673055242390079 0.46398597018664667 0.2175873731679819 0.4028560691469373
3 0.5163472378804961 0.02304897908054616 0.06989853438556942 0.04609795816109232
