2 0.6538895152198421 0.8608292621821372 0.19165727170236743 0.23850682700739056
2 0.3517474633596392 0.7856695477890517 0.18263810597519728 0.21245145935112106
2 0.40135287485907556 0.5030690216710509 0.1149943630214205 0.15232368783665287
2 0.52423900789177 0.43392208442941255 0.07440811724915448 0.11023424777652516
3 0.6082299887260428 0.3657772767130152 0.03269447576099218 0.09420017537266691
2 0.4227733934611048 0.3116622823499937 0.06313416009019157 0.09019165727170232
2 0.5129650507328072 0.291619691845171 0.04509582863585116 0.11424276587748963
2 0.6014656144306652 0.2545408994112489 0.05073280721533258 0.08017036201929098
2 0.6465614430665164 0.24953025178504318 0.039458850056369815 0.09420017537266691
2 0.4785794813979707 0.24752599273456094 0.03720405862457724 0.06213203056495054
2 0.5377677564825254 0.23048979080546161 0.0405862457722661 0.07215332581736192
3 0.503945885005637 0.19942377552298637 0.018038331454340407 0.0460979581610923
2 0.484216459977452 0.182387573593887 0.0236753100338219 0.04008518100964551
2 0.6110484780157835 0.16434924213954652 0.02931228861330325 0.052110735312539146
2 0.49267192784667413 0.1262683201803833 0.027057497181510685 0.04008518100964551
2 0.5276211950394589 0.13528748590755357 0.024802705749718115 0.04208944006012777
2 0.5682074408117249 0.12125767255417763 0.024802705749718258 0.03808092195916323
2 0.5 0.08217462106977326 0.02367531003382183 0.0320681448077164
