2 0.40931372549019607 0.45955882352941174 0.17892156862745096 0.12867647058823528
2 0.5735294117647058 0.6884191176470589 0.27205882352941174 0.21875
4 0.6415441176470589 0.3961397058823529 0.18995098039215697 0.255514705882353
2 0.8890931372549019 0.7270220588235294 0.20955882352941174 0.3143382352941177
2 0.8792892156862745 0.3786764705882353 0.07720588235294117 0.07720588235294117
3 0.9644607843137254 0.333639705882353 0.0392156862745098 0.07536764705882351
2 0.977328431372549 0.4338235294117648 0.04534313725490193 0.12867647058823528
2 0.7775735294117646 0.3180147058823529 0.060049019607843236 0.11764705882352935
2 0.4393382352941177 0.3088235294117647 0.07475490196078433 0.06985294117647058
1 0.17524509803921567 0.2959558823529412 0.2671568627450981 0.2058823529411765
2 0.028799019607843136 0.43290441176470584 0.05759803921568627 0.16727941176470595
2 0.34865196078431376 0.26746323529411764 0.07230392156862749 0.07169117647058819
2 0.5845588235294118 0.23805147058823528 0.06372549019607845 0.06433823529411764
2 0.43075980392156865 0.24540441176470587 0.0625 0.04595588235294116
2 0.5012254901960784 0.24540441176470587 0.05392156862745104 0.05330882352941174
2 0.8770682790262994 0.22649033948623776 0.020046077506821688 0.01773306856372695
2 0.836804790016871 0.22404883004630427 0.016619397591125563 0.015934061607986542
