2 0.6231617647058824 0.7132352941176471 0.2977941176470588 0.26102941176470584
2 0.9019607843137254 0.7408088235294117 0.19607843137254904 0.30147058823529416
2 0.8511029411764706 0.49356617647058826 0.14583333333333343 0.13419117647058826
2 0.9503676470588235 0.3878676470588235 0.08210784313725483 0.11029411764705876
2 0.24448529411764702 0.3060661764705882 0.08700980392156861 0.06801470588235298
2 0.1795343137254902 0.24632352941176472 0.04044117647058826 0.05514705882352942
2 0.047181372549019614 0.24080882352941174 0.04779411764705882 0.06985294117647062
2 0.15257352941176472 0.22242647058823528 0.05514705882352942 0.0625
2 0.3131127450980392 0.28952205882352944 0.060049019607843125 0.07536764705882351
2 0.25980392156862747 0.24724264705882354 0.05882352941176475 0.06801470588235294
2 0.4368872549019608 0.27481617647058826 0.05514705882352942 0.06066176470588235
2 0.8051470588235294 0.3088235294117647 0.04411764705882348 0.0625
4 0.8670343137254902 0.29503676470588236 0.08210784313725497 0.14522058823529413
2 0.9307598039215687 0.31525735294117646 0.04534313725490193 0.06433823529411764
2 0.49203431372549017 0.26746323529411764 0.04779411764705891 0.07536764705882355
2 0.34129901960784315 0.23713235294117646 0.05759803921568633 0.05882352941176468
2 0.41482843137254904 0.22977941176470587 0.04534313725490193 0.05147058823529413
2 0.5404411764705883 0.2417279411764706 0.046568627450980386 0.05330882352941174
2 0.7156862745098038 0.30422794117647056 0.04656862745098053 0.04595588235294116
0 0.2072729225980533 0.23215005596798322 0.013382946859952725 0.054487712215521886
2 0.7824096548191953 0.2115638374109004 0.02091741216565083 0.022112692860830983
