2 0.33639705882352944 0.5137867647058824 0.1924019607843138 0.15625
2 0.7512254901960784 0.8115808823529411 0.3088235294117647 0.28125
2 0.9166666666666667 0.5772058823529411 0.15931372549019612 0.16544117647058812
2 0.9705882352941176 0.46139705882352944 0.05882352941176478 0.09558823529411761
4 0.9503676470588235 0.35477941176470595 0.0747549019607844 0.1213235294117647
2 0.8988970588235293 0.3740808823529412 0.04044117647058826 0.0569852941176471
2 0.11642156862745098 0.3961397058823529 0.12745098039215688 0.0974264705882353
2 0.11274509803921572 0.30147058823529416 0.08088235294117649 0.06985294117647062
2 0.23835784313725492 0.3722426470588235 0.0968137254901961 0.05330882352941181
2 0.2340686274509804 0.30974264705882354 0.04411764705882351 0.05330882352941178
2 0.20404411764705885 0.30147058823529416 0.04044117647058822 0.05514705882352942
2 0.3143382352941177 0.3180147058823529 0.07475490196078428 0.0661764705882353
2 0.39950980392156865 0.34834558823529405 0.0784313725490196 0.06433823529411761
2 0.3921568627450981 0.2931985294117647 0.05147058823529413 0.04963235294117649
2 0.47549019607843135 0.3400735294117647 0.0661764705882353 0.05882352941176475
2 0.5361519607843137 0.3161764705882353 0.04779411764705891 0.05514705882352942
2 0.4632352941176471 0.28860294117647056 0.05147058823529413 0.051470588235294094
2 0.6856617647058824 0.36213235294117646 0.05514705882352942 0.0625
3 0.7567401960784313 0.359375 0.04289215686274503 0.0569852941176471
3 0.7502276634508515 0.2874105751488486 0.00955924775710912 0.025809968944194565
3 0.7059820024036608 0.2927364417563808 0.012836704130975107 0.018435692102996094
2 0.8385824248629885 0.28228954956468294 0.022395951888084367 0.02540028689746137
