3 0.25986471251409243 0.772641863960917 0.08906426155580612 0.23048979080546161
2 0.46561443066516345 0.9409369911061005 0.2525366403607666 0.11812601778779908
2 0.8258173618940248 0.7696354753851935 0.15896279594137538 0.2365025679569085
2 0.669109357384442 0.5882500313165476 0.12288613303269451 0.17036201929099334
2 0.5907553551296505 0.28460478516848303 0.07440811724915442 0.0921959163221846
2 0.4949267192784667 0.1904046097958161 0.05411499436302144 0.06413628961543277
2 0.48647125140924463 0.0992108229988726 0.04396843291995495 0.05812351246398597
2 0.544532130777903 0.11023424777652512 0.03607666290868096 0.05611925341350368
2 0.6054114994363021 0.09620443442314919 0.03607666290868096 0.0481022172115746
2 0.5580608793686583 0.06213203056495052 0.027057497181510612 0.04810221721157459
2 0.49267192784667424 0.040085181009645504 0.03156708004509582 0.04409369911061005
