2 0.30214205186020293 0.9429412501565827 0.19616685456595268 0.11411749968683452
2 0.5264937993235626 0.5521733684078667 0.12626832018038336 0.16635350119002873
2 0.5992108229988726 0.4720030063885757 0.10935738444193902 0.1463109106852061
2 0.6894024802705749 0.43692847300513593 0.08906426155580605 0.15633220593761735
2 0.503945885005637 0.3216835776024051 0.09019165727170232 0.11023424777652516
2 0.560879368658399 0.2244770136540148 0.05749718151071029 0.08818739822122013
2 0.6273957158962796 0.1793811850181636 0.0620067643742955 0.0861831391707378
2 0.5259301014656145 0.1262683201803833 0.034949267192784676 0.0561192534135037
2 0.604847801578354 0.08117249154453213 0.03720405862457731 0.06213203056495052
2 0.5546786922209695 0.06513841914067393 0.02931228861330325 0.05411499436302141
3 0.49154453213077787 0.09319804584742578 0.02029312288613305 0.05411499436302143
2 0.5186020293122886 0.040085181009645504 0.03382187147688832 0.036076662908680945
