2 0.2068771138669673 0.7034949267192785 0.2852311161217587 0.4088688462983842
2 0.18771138669673057 0.444945509207065 0.24689966178128525 0.2926218213704121
2 0.33540022547914317 0.2505323813102844 0.16798196166854568 0.20844294125015655
2 0.46899661781285235 0.4699987473380935 0.22322435174746347 0.39083051484404363
2 0.7553551296505074 0.857760240511086 0.3517474633596392 0.28447951897782786
2 0.8021420518602029 0.5652010522360016 0.3145434047350619 0.31667292997619945
2 0.7491544532130777 0.31466867092571715 0.24689966178128528 0.29262182137041215
2 0.6871476888387824 0.17336840786671678 0.19278466741826392 0.24652386320931982
2 0.3483652762119504 0.11524489540273081 0.20293122886133033 0.2224727546035325
2 0.6392333709131905 0.08918952774646122 0.17136414881623444 0.17837905549292243
3 0.5236753100338218 0.021044720030063885 0.07328072153325828 0.04208944006012777
