2 0.3651960784313726 0.5845588235294117 0.23284313725490197 0.1654411764705882
2 0.5802696078431373 0.46599264705882354 0.12867647058823528 0.10477941176470594
3 0.6740196078431373 0.3915441176470588 0.026960784313725554 0.07352941176470587
3 0.6446078431372548 0.3786764705882353 0.0196078431372549 0.0625
2 0.6115196078431373 0.3897058823529412 0.06862745098039227 0.08088235294117652
2 0.9509803921568627 0.6286764705882352 0.09803921568627444 0.17647058823529413
2 0.9791666666666667 0.5091911764705883 0.041666666666666574 0.09558823529411768
2 0.9460784313725492 0.4034926470588235 0.0367647058823529 0.04227941176470587
4 0.9797794117647058 0.3887867647058823 0.04044117647058826 0.11580882352941181
2 0.11764705882352942 0.4053308823529412 0.10049019607843138 0.08639705882352942
2 0.14460784313725492 0.3299632352941177 0.08088235294117649 0.06066176470588239
0 0.23297580594379524 0.33016322760205563 0.01904193116112161 0.06093417971558921
2 0.2609039716467737 0.34958599738639967 0.059156932807217864 0.04722398927958167
2 0.3309782783197013 0.37738721688163723 0.07896054121478432 0.06093417971558914
2 0.325773483802328 0.34006503180583886 0.07108987633485402 0.04113057130802275
2 0.21863088446908363 0.3238793903188855 0.03452936850550056 0.052174891381473285
2 0.4279366829054124 0.3719140230204199 0.06632291669723997 0.06062329104357083
2 0.40798799311757067 0.3248921113776502 0.04196997072247214 0.04430163576260952
2 0.5265007871249684 0.3677600870934434 0.05364787739840935 0.0513153609897828
2 0.5040827127531694 0.34871120308966036 0.05494371984764626 0.05598039380703582
2 0.47479667340041454 0.32208164075784124 0.04302196931466639 0.03693150980325274
2 0.5407550540665746 0.31041905871470876 0.04224446384512426 0.03615400433371058
2 0.5739286207670404 0.2999227348758896 0.022547658616722827 0.029156455107831113
2 0.5740582050119641 0.35302635785242975 0.04613199119283493 0.045173066594020525
2 0.7973986941000243 0.2917633788903878 0.017731603769453555 0.024215548431418127
2 0.8150641351688457 0.29067169432995504 0.01892253238083498 0.023223107921933737
3 0.7648220850530185 0.31209497957485666 0.00990722724115912 0.020853115402762513
3 0.7254328670700225 0.3132934344830614 0.010706197179962374 0.01605929576994356
2 0.737177725170429 0.324558910620186 0.03355673742973281 0.03235828252152803
2 0.6436081614085022 0.33149674302663246 0.038201478123533195 0.036337991385799774
