2 0.6415441176470589 0.7647058823529411 0.275735294117647 0.2647058823529412
2 0.6384803921568627 0.5009191176470589 0.12254901960784309 0.1194852941176471
2 0.7236519607843138 0.4200367647058823 0.09436274509803923 0.0863970588235295
2 0.9503676470588235 0.4237132352941177 0.035539215686274446 0.03860294117647051
4 0.977672610429149 0.40979279165424715 0.03198662181805119 0.09424629642818666
3 0.38477772744455635 0.4474913102255218 0.03198662181805126 0.09424629642818673
3 0.4967309038077356 0.406365653602313 0.03198662181805126 0.07368346811658234
2 0.2893890516657249 0.40208173103739553 0.07653941649319411 0.07882417519448345
2 0.17515111660125612 0.40550886908932954 0.06740038168803654 0.0822513132464175
2 0.1608713747181975 0.3440540532523071 0.0525494501296556 0.07929151339006481
2 0.409338883483417 0.38494604077772515 0.06740038168803665 0.05140707077901098
2 0.38706248614584565 0.36438321246612076 0.05254945012965557 0.04455279467514281
2 0.2539752917957396 0.3583857208752362 0.058261346882879046 0.04969350175304385
2 0.3082383109513622 0.3498178757454011 0.0685427610386812 0.059974915908846
2 0.19628513458818284 0.3249711248688791 0.05026469142836621 0.0753970371425494
2 0.4573188162104938 0.374664626621923 0.05369182948030023 0.06854276103868123
2 0.777747464531376 0.3099246907120998 0.019691262275685375 0.027229323615595966
2 0.7960541849283022 0.30854014883334074 0.020614290194858 0.02630629569642327
1 0.803438408281684 0.2861567217934017 0.05138188750061616 0.020306614221800353
3 0.7317499065592675 0.32400086647948423 0.010768659057015384 0.017537530464282157
3 0.7119048062970534 0.32330859554010466 0.011076335030072926 0.020768128181386805
2 0.685752348587159 0.3383077992266618 0.037536468713024934 0.04338231220111901
2 0.6052897355660884 0.35750218657609373 0.0501585030343842 0.06074752034164305
2 0.5551312325317044 0.36335401193010514 0.0308381907544733 0.06130483704202511
2 0.5052392557832853 0.3551659021579775 0.0462534948616392 0.046632621868701776
2 0.5065348152436624 0.3219623483470174 0.04111673230843664 0.03648386106241567
2 0.5447560030233359 0.31001822716586935 0.0306927720048894 0.02823155915544067
2 0.37670293183796105 0.3380598469141748 0.04716088568780044 0.04036025640366628
3 0.06990877376784393 0.3268486072052907 0.020121169332499366 0.054099370375116286
